=====================================================================
  39577 2014-009F   INVADER (CO-77)                                  
  Launched: 2014-02-27 (058)           Start Date: 2014-02-27 (058)  
   Decayed: 2014-09-02 (245)            Stop Date: 2014-09-02 (245)  
=====================================================================
1 39577U 14009F   14058.83421515 -.00000325  00000-0  00000+0 0    16
2 39577  65.0201  59.6714 0007303 315.7047 123.6579 15.60802139    07
1 39577U 14009F   14058.83421515 -.00000325  00000-0  00000+0 0    27
2 39577  65.0201  59.6714 0007303 315.7047 123.6579 15.60802139    07
1 39577U 14009F   14058.88417451 -.00000322  00000-0  00000+0 0    34
2 39577  65.0153  59.4921 0005824 332.9223  27.0515 15.60280033    15
1 39577U 14009F   14058.96616351 -.00000318  00000-0  00000+0 0    49
2 39577  65.0151  59.2213 0004030 351.4796 108.8860 15.59796515    21
1 39577U 14009F   14059.14065563 -.00000321  00000-0  00000+0 0    58
2 39577  65.0125  58.6075 0005828 336.3499  23.9528 15.60079424    55
1 39577U 14009F   14059.46113924 -.00000327  00000-0  00000+0 0    65
2 39577  65.0058  57.5732 0013739 180.8918 179.5350 15.59890829   101
1 39577U 14009F   14059.54524021 -.00000322  00000-0  00000+0 0    74
2 39577  65.0111  57.2288 0006640 346.8490 125.7460 15.60231718   110
1 39577U 14009F   14059.71750428 -.00000321  00000-0  00000+0 0    85
2 39577  65.0125  56.6369 0005596 339.4357  20.6965 15.60254508   145
1 39577U 14009F   14059.78159434  .00177091  00000-0  21005-2 0    92
2 39577  65.0134  56.4186 0006519 333.2358  26.8914 15.60366988   158
1 39577U 14009F   14059.84568102  .00164901  00000-0  19588-2 0   106
2 39577  65.0130  56.1994 0006461 331.7712  28.3049 15.60371854   166
1 39577U 14009F   14059.97386561  .00057924  00000-0  70094-3 0   114
2 39577  65.0131  55.7618 0006463 330.3590  29.6831 15.60323475   187
1 39577U 14009F   14060.10206219  .00030152  00000-0  36797-3 0   129
2 39577  65.0140  55.3245 0006538 330.8989  29.1812 15.60322964   208
1 39577U 14009F   14060.23023881  .00121747  00000-0  14523-2 0   139
2 39577  65.0140  54.8801 0006543 321.2940  38.7744 15.60417039   227
1 39577U 14009F   14060.87113583  .00097025  00000-0  11575-2 0   144
2 39577  65.0140  52.6864 0006920 322.7443  37.3185 15.60509466   326
1 39577U 14009F   14061.38381964  .00092433  00000-0  11001-2 0   154
2 39577  65.0139  50.9298 0006596 319.5829  40.4842 15.60594203   404
1 39577U 14009F   14062.21687302  .00085928  00000-0  10188-2 0   169
2 39577  65.0141  48.0785 0006049 315.7332  44.3335 15.60724225   539
1 39577U 14009F   14063.24206993  .00084206  00000-0  99250-3 0   173
2 39577  65.0136  44.5654 0005481 318.0489  42.0241 15.60889795   699
1 39577U 14009F   14064.33121169  .00085436  00000-0  99967-3 0   187
2 39577  65.0125  40.8312 0005236 318.3473  41.7278 15.61076446   868
1 39577U 14009F   14066.18885995  .00087028  00000-0  10056-2 0   197
2 39577  65.0128  34.4646 0005215 318.4109  41.6646 15.61396874  1155
1 39577U 14009F   14067.21360511  .00087513  00000-0  10043-2 0   201
2 39577  65.0127  30.9503 0004919 319.7808  40.2971 15.61575178  1317
1 39577U 14009F   14068.23824697  .00084811  00000-0  96750-3 0   213
2 39577  65.0136  27.4364 0005172 319.7457  40.3308 15.61739181  1473
1 39577U 14009F   14069.19874654  .00083670  00000-0  94901-3 0   226
2 39577  65.0138  24.1389 0004985 319.6067  40.4710 15.61894274  1623
1 39577U 14009F   14070.22317436  .00083319  00000-0  93916-3 0   238
2 39577  65.0131  20.6192 0004832 316.4586  43.6184 15.62057822  1789
1 39577U 14009F   14071.31150577  .00084002  00000-0  94014-3 0   241
2 39577  65.0120  16.8820 0004773 319.1350  40.9440 15.62239133  1956
1 39577U 14009F   14072.33570203  .00084553  00000-0  93996-3 0   256
2 39577  65.0123  13.3657 0004742 318.4885  41.5922 15.62410712  2115
1 39577U 14009F   14072.59174076  .00075486  00000-0  84179-3 0   272
2 39577  65.0123  12.4827 0005131 320.5079  39.6214 15.62456726  2157
1 39577U 14009F   14073.23177253  .00087099  00000-0  96187-3 0   280
2 39577  65.0126  10.2869 0004651 316.5902  43.4891 15.62571106  2253
1 39577U 14009F   14074.89567054  .00088265  00000-0  96355-3 0   299
2 39577  65.0133   4.5712 0004644 313.5064  46.5694 15.62863255  2515
1 39577U 14009F   14075.91947230  .00084407  00000-0  91640-3 0   309
2 39577  65.0127   1.0526 0004156 312.8408  47.2378 15.63022798  2679
1 39577U 14009F   14076.30337059  .00083162  00000-0  90097-3 0   318
2 39577  65.0141 359.7347 0004419 310.3232  49.7521 15.63081357  2739
1 39577U 14009F   14076.87919451  .00079236  00000-0  85648-3 0   326
2 39577  65.0167 357.7568 0003886 302.3056  57.7629 15.63159894  2822
1 39577U 14009F   14077.51896215  .00077816  00000-0  83813-3 0   335
2 39577  65.0160 355.5566 0004770 305.2645  54.8037 15.63253358  2920
1 39577U 14009F   14078.15869237  .00076225  00000-0  81839-3 0   340
2 39577  65.0158 353.3566 0004365 302.5220  57.5534 15.63343792  3028
1 39577U 14009F   14078.86233857  .00078527  00000-0  83895-3 0   353
2 39577  65.0141 350.9360 0004629 305.1464  54.9270 15.63458735  3131
1 39577U 14009F   14080.14155854  .00093207  00000-0  99058-3 0   391
2 39577  65.0125 346.5258 0004999 312.1398  47.9850 15.63689108  3332
1 39577U 14009F   14080.20550761  .00084749  00000-0  89605-3 0   404
2 39577  65.0104 346.3137 0004867 306.8385  53.2339 15.63695874  3343
1 39577U 14009F   14080.90898361  .00089069  00000-0  93614-3 0   418
2 39577  65.0070 343.8901 0004582 300.0331  60.0364 15.63830579  3456
1 39577U 14009F   14081.54846270  .00092697  00000-0  96887-3 0   428
2 39577  65.0048 341.6872 0004806 296.9794  63.1197 15.63955987  3559
1 39577U 14009F   14082.18788341  .00095039  00000-0  98813-3 0   438
2 39577  65.0040 339.4858 0004557 303.9712  56.1026 15.64081862  3659
1 39577U 14009F   14083.53051554  .00097565  00000-0  10035-2 0   443
2 39577  65.0036 334.8593 0004928 304.5475  55.5295 15.64344000  3864
1 39577U 14009F   14084.16978813  .00096740  00000-0  99038-3 0   455
2 39577  65.0056 332.6588 0005409 304.0979  55.9630 15.64462997  3969
1 39577U 14009F   14084.80901754  .00094609  00000-0  96470-3 0   466
2 39577  65.0075 330.4555 0004778 301.9425  58.1253 15.64576308  4060
1 39577U 14009F   14085.83168007  .00094168  00000-0  95318-3 0   477
2 39577  65.0088 326.9324 0004770 298.7929  61.2743 15.64764214  4224
1 39577U 14009F   14086.40688064  .00101897  00000-0  10336-2 0   486
2 39577  65.0126 324.9425 0005555 306.1460  53.9700 15.64865845  4316
1 39577U 14009F   14086.72640079  .00096397  00000-0  96855-3 0   484
2 39577  65.0076 323.8458 0005198 301.9088  58.1555 15.64939507  4363
1 39577U 14009F   14087.81271132  .00099183  00000-0  98740-3 0   497
2 39577  65.0071 320.0992 0005755 303.3771  56.6827 15.65157428  4533
1 39577U 14009F   14088.89887684  .00099404  00000-0  98117-3 0   507
2 39577  65.0077 316.3527 0005998 304.3892  55.6692 15.65370401  4701
1 39577U 14009F   14089.85714154  .00097734  00000-0  95792-3 0   516
2 39577  65.0092 313.0465 0006351 306.3147  53.7416 15.65551286  4853
1 39577U 14009F   14090.87917291  .00094785  00000-0  92256-3 0   523
2 39577  65.0111 309.5195 0006615 305.9190  54.1346 15.65735862  5011
1 39577U 14009F   14091.90108065  .00093414  00000-0  90270-3 0   532
2 39577  65.0117 305.9911 0006728 304.4197  55.6316 15.65920572  5173
1 39577U 14009F   14093.05057875  .00094568  00000-0  90590-3 0   549
2 39577  65.0102 302.0186 0006884 300.9990  59.0529 15.66133282  5353
1 39577U 14009F   14094.19992393  .00094394  00000-0  89661-3 0   553
2 39577  65.0102 298.0483 0007029 301.6038  58.4424 15.66344004  5533
1 39577U 14009F   14095.22143490  .00093944  00000-0  88573-3 0   566
2 39577  65.0094 294.5173 0007156 299.9258  60.1175 15.66530098  5694
1 39577U 14009F   14095.85982192  .00092826  00000-0  87123-3 0   574
2 39577  65.0096 292.3111 0007649 304.1200  55.9224 15.66642847  5791
1 39577U 14009F   14096.88113086  .00094464  00000-0  87937-3 0   580
2 39577  65.0102 288.7796 0008059 304.9547  55.0848 15.66835825  5956
1 39577U 14009F   14097.90231184  .00096137  00000-0  88763-3 0   592
2 39577  65.0095 285.2478 0008084 305.3095  54.7300 15.67032774  6118
1 39577U 14009F   14098.85954703  .00098823  00000-0  90480-3 0   601
2 39577  65.0095 281.9353 0008550 305.2595  54.7757 15.67225371  6264
1 39577U 14009F   14099.88047785  .00098874  00000-0  89794-3 0   611
2 39577  65.0096 278.4021 0008736 305.3932  54.6402 15.67424072  6423
1 39577U 14009F   14100.58229754  .00097791  00000-0  88348-3 0   621
2 39577  65.0107 275.9721 0008983 305.4890  54.5358 15.67554633  6531
1 39577U 14009F   14100.90129348  .00096498  00000-0  86991-3 0   631
2 39577  65.0091 274.8671 0009259 308.4394  51.5906 15.67609740  6585
1 39577U 14009F   14101.53924253  .00094500  00000-0  84838-3 0   640
2 39577  65.0071 272.6561 0009055 309.6135  50.4187 15.67721770  6685
1 39577U 14009F   14101.85819949  .00092848  00000-0  83223-3 0   651
2 39577  65.0080 271.5547 0008433 304.3498  55.6803 15.67774145  6732
1 39577U 14009F   14102.87878168  .00092523  00000-0  82342-3 0   664
2 39577  65.0081 268.0231 0007823 302.6845  57.3630 15.67957517  6893
1 39577U 14009F   14103.58033326  .00100110  00000-0  88376-3 0   678
2 39577  65.0083 265.5848 0008436 310.0706  49.9727 15.68120635  7003
1 39577U 14009F   14103.83541979  .00102757  00000-0  90489-3 0   682
2 39577  65.0065 264.7005 0007045 305.6041  54.4489 15.68184778  7044
1 39577U 14009F   14104.53686669  .00111424  00000-0  97248-3 0   698
2 39577  65.0093 262.2722 0007812 296.5218  63.5133 15.68365137  7159
1 39577U 14009F   14105.49329602  .00110658  00000-0  95774-3 0   707
2 39577  65.0083 258.9577 0008133 303.9434  56.0915 15.68569698  7308
1 39577U 14009F   14105.81208234  .00109407  00000-0  94433-3 0   712
2 39577  65.0090 257.8529 0008834 306.6353  53.3983 15.68633359  7355
1 39577U 14009F   14106.51336539  .00105216  00000-0  90393-3 0   726
2 39577  65.0089 255.4204 0008523 304.3286  55.6995 15.68766252  7461
1 39577U 14009F   14107.21458070  .00103746  00000-0  88638-3 0   735
2 39577  65.0080 252.9904 0008698 305.2636  54.7494 15.68904770  7578
1 39577U 14009F   14107.78826426  .00102365  00000-0  87064-3 0   762
2 39577  65.0073 251.0001 0009109 307.7482  52.2830 15.69015224  7667
1 39577U 14009F   14108.55308824  .00106640  00000-0  89975-3 0   779
2 39577  65.0072 248.3465 0009832 311.0714  48.9591 15.69185956  7787
1 39577U 14009F   14109.19037658  .00112127  00000-0  93893-3 0   786
2 39577  65.0090 246.1334 0010404 308.2924  51.7621 15.69342197  7885
1 39577U 14009F   14109.57271021  .00114070  00000-0  95117-3 0   793
2 39577  65.0086 244.8054 0010609 308.6964  51.3240 15.69435247  7948
1 39577U 14009F   14110.20989375  .00120878  00000-0  99945-3 0   801
2 39577  65.0101 242.5957 0011244 312.1248  47.9181 15.69607284  8043
1 39577U 14009F   14110.84700627  .00123303  00000-0  10127-2 0   813
2 39577  65.0113 240.3857 0010776 310.8065  49.2262 15.69768286  8148
1 39577U 14009F   14111.54775169  .00126732  00000-0  10322-2 0   821
2 39577  65.0122 237.9508 0011284 309.7898  50.2263 15.69951274  8255
1 39577U 14009F   14112.18472466  .00131044  00000-0  10588-2 0   833
2 39577  65.0098 235.7359 0011317 312.6816  47.3449 15.70129434  8358
1 39577U 14009F   14112.56686896  .00133438  00000-0  10729-2 0   846
2 39577  65.0086 234.4086 0011366 313.5974  46.4240 15.70237984  8413
1 39577U 14009F   14113.52214468  .00132976  00000-0  10582-2 0   859
2 39577  65.0080 231.0873 0011666 314.1852  45.8340 15.70483210  8564
1 39577U 14009F   14114.34993093  .00131583  00000-0  10382-2 0   860
2 39577  65.0058 228.2071 0011954 314.8973  45.1133 15.70688790  8695
1 39577U 14009F   14114.54098317  .00084368  00000-0  67327-3 0   889
2 39577  65.0076 227.5417 0012098 313.5915  46.4748 15.70678266  8720
1 39577U 14009F   14114.73197042  .00125054  00000-0  98541-3 0   896
2 39577  65.0071 226.8806 0011237 311.7363  48.2610 15.70752458  8757
1 39577U 14009F   14115.24132567  .00117322  00000-0  92165-3 0   901
2 39577  65.0060 225.1027 0012092 312.1187  47.8639 15.70838939  8835
1 39577U 14009F   14115.55965899  .00115870  00000-0  90785-3 0   910
2 39577  65.0056 223.9943 0012349 313.2034  46.8084 15.70902893  8880
1 39577U 14009F   14116.51454293  .00114410  00000-0  88865-3 0   924
2 39577  65.0066 220.6708 0012601 313.0087  47.0003 15.71111565  9032
1 39577U 14009F   14117.21471400  .00112250  00000-0  86693-3 0   939
2 39577  65.0060 218.2349 0012357 313.5829  46.4276 15.71259067  9144
1 39577U 14009F   14117.53295926  .00109515  00000-0  84395-3 0   949
2 39577  65.0048 217.1267 0012535 315.3203  44.6937 15.71317862  9198
1 39577U 14009F   14118.23304041  .00105191  00000-0  80711-3 0   951
2 39577  65.0069 214.6932 0011676 310.5466  49.4631 15.71451346  9308
1 39577U 14009F   14118.48761057  .00100614  00000-0  77124-3 0   962
2 39577  65.0085 213.8092 0011911 310.8772  49.1338 15.71487264  9342
1 39577U 14009F   14118.74216551  .00098119  00000-0  75091-3 0   973
2 39577  65.0078 212.9235 0012269 311.0047  48.9862 15.71528962  9382
1 39577U 14009F   14119.25125640  .00095699  00000-0  73043-3 0   984
2 39577  65.0081 211.1535 0011251 310.5101  49.4938 15.71617931  9469
1 39577U 14009F   14119.56943496  .00091831  00000-0  70038-3 0   991
2 39577  65.0075 210.0457 0010414 313.7786  46.2498 15.71662666  9514
1 39577U 14009F   14120.14211213  .00087339  00000-0  66438-3 0  1002
2 39577  65.0098 208.0544 0009885 307.2672  52.7538 15.71749918  9608
1 39577U 14009F   14120.39662562  .00085481  00000-0  64940-3 0  1019
2 39577  65.0107 207.1690 0009958 307.2646  52.7468 15.71787250  9640
1 39577U 14009F   14121.41460648  .00085754  00000-0  64650-3 0  1026
2 39577  65.0092 203.6214 0010629 309.5285  50.4940 15.71958627  9803
1 39577U 14009F   14122.17800100  .00091322  00000-0  68304-3 0  1030
2 39577  65.0064 200.9559 0011631 314.2187  45.8028 15.72109528  9929
1 39577U 14009F   14123.19577074  .00088880  00000-0  65985-3 0  1042
2 39577  65.0082 197.4103 0012250 317.1040  42.9125 15.72284667 10085
1 39577U 14009F   14123.57741186  .00085880  00000-0  63641-3 0  1056
2 39577  65.0100 196.0817 0012264 315.7739  44.2432 15.72339872 10149
1 39577U 14009F   14123.70462011  .00084266  00000-0  62345-3 0  1066
2 39577  65.0119 195.6398 0013772 316.2213  43.7619 15.72356820 10161
1 39577U 14009F   14124.14984485  .00081180  00000-0  59987-3 0  1070
2 39577  65.0142 194.0913 0012642 313.2070  46.7903 15.72419530 10231
1 39577U 14009F   14124.53146245  .00075967  00000-0  56101-3 0  1089
2 39577  65.0161 192.7622 0012369 311.5190  48.4901 15.72460401 10290
1 39577U 14009F   14125.54900280  .00079182  00000-0  57968-3 0  1094
2 39577  65.0125 189.2084 0013838 315.1855  44.8181 15.72625557 10456
1 39577U 14009F   14126.24849302  .00084013  00000-0  61126-3 0  1101
2 39577  65.0088 186.7685 0013803 316.4172  43.5902 15.72751676 10562
1 39577U 14009F   14126.63000917  .00085818  00000-0  62233-3 0  1187
2 39577  65.0078 185.4374 0013852 316.6736  43.3341 15.72821348 10620
1 39577U 14009F   14127.20224983  .00088894  00000-0  64133-3 0  1113
2 39577  65.0061 183.4401 0013918 315.7927  44.2109 15.72928965 10711
1 39577U 14009F   14127.90161235  .00088588  00000-0  63574-3 0  1253
2 39577  65.0067 180.9992 0014140 316.3644  43.6372 15.73050345 10821
1 39577U 14009F   14128.21948897  .00087158  00000-0  62428-3 0  1120
2 39577  65.0080 179.8897 0014115 315.9866  44.0163 15.73101300 10876
1 39577U 14009F   14128.91877684  .00087516  00000-0  62354-3 0  1252
2 39577  65.0077 177.4489 0014256 315.1984  44.8108 15.73220886 10982
1 39577U 14009F   14129.23661188  .00090092  00000-0  63988-3 0  1132
2 39577  65.0068 176.3408 0014298 315.3336  44.6767 15.73283882 11031
1 39577U 14009F   14129.61799664  .00093974  00000-0  66586-3 0  1145
2 39577  65.0062 175.0118 0012271 313.4400  46.5959 15.73362711 11098
1 39577U 14009F   14129.93580261  .00099660  00000-0  70227-3 0  1157
2 39577  65.0031 173.8963 0013958 316.0105  44.0443 15.73439658 11144
1 39577U 14009F   14130.25358624  .00100881  00000-0  70861-3 0  1152
2 39577  65.0024 172.7859 0014150 316.8704  43.1342 15.73506027 11194
1 39577U 14009F   14130.88913301  .00102246  00000-0  71418-3 0  1257
2 39577  65.0018 170.5652 0013924 316.7788  43.2296 15.73636483 11293
1 39577U 14009F   14131.52463202  .00101240  00000-0  70343-3 0  1168
2 39577  65.0030 168.3454 0014069 317.5379  42.4694 15.73760559 11394
1 39577U 14009F   14131.90590468  .00102350  00000-0  70856-3 0  1190
2 39577  65.0027 167.0128 0014137 316.9975  43.0136 15.73839798 11452
1 39577U 14009F   14132.54131988  .00101498  00000-0  69901-3 0  1178
2 39577  65.0037 164.7911 0014120 317.2741  42.7315 15.73964545 11559
1 39577U 14009F   14133.55787183  .00103777  00000-0  70811-3 0  1189
2 39577  65.0036 161.2384 0013936 316.6125  43.3937 15.74175706 11716
1 39577U 14009F   14134.44725063  .00102256  00000-0  69267-3 0  1192
2 39577  65.0043 158.1280 0013877 315.4979  44.5057 15.74350948 11856
1 39577U 14009F   14135.20950100  .00101470  00000-0  68310-3 0  1206
2 39577  65.0087 155.4647 0013880 314.7868  45.2144 15.74497262 11973
1 39577U 14009F   14136.22571279  .00102405  00000-0  68310-3 0  1215
2 39577  65.0070 151.9080 0014007 314.8179  45.1836 15.74703340 12138
1 39577U 14009F   14137.24178689  .00104694  00000-0  69145-3 0  1226
2 39577  65.0070 148.3526 0014424 314.6045  45.3933 15.74916882 12290
1 39577U 14009F   14138.57517713  .00105997  00000-0  69173-3 0  1237
2 39577  65.0055 143.6842 0013980 313.2106  46.7874 15.75196520 12504
1 39577U 14009F   14139.33701450  .00104318  00000-0  67626-3 0  1243
2 39577  65.0064 141.0169 0014288 313.5222  46.4729 15.75348906 12628
1 39577U 14009F   14140.22573733  .00100545  00000-0  64748-3 0  1255
2 39577  65.0072 137.9054 0014198 313.0571  46.9394 15.75516778 12768
1 39577U 14009F   14141.17783359  .00097519  00000-0  62359-3 0  1260
2 39577  65.0084 134.5708 0013941 312.6241  47.3738 15.75693983 12912
1 39577U 14009F   14142.12982272  .00094388  00000-0  59942-3 0  1277
2 39577  65.0109 131.2370 0013829 310.2405  49.7517 15.75865305 13067
1 39577U 14009F   14142.89134303  .00092370  00000-0  58328-3 0  1282
2 39577  65.0117 128.5697 0013991 310.9796  49.0130 15.75999168 13189
1 39577U 14009F   14144.22383081  .00096391  00000-0  60150-3 0  1294
2 39577  65.0082 123.8956 0014031 311.0287  48.9668 15.76253838 13394
1 39577U 14009F   14144.92169887  .00103472  00000-0  64050-3 0  1301
2 39577  65.0031 121.4445 0014145 309.4528  50.5392 15.76410024 13508
1 39577U 14009F   14146.19040481  .00101108  00000-0  61899-3 0  1313
2 39577  65.0059 116.9946 0014487 308.5926  51.3924 15.76661901 13708
1 39577U 14009F   14146.88811576  .00096539  00000-0  58829-3 0  1321
2 39577  65.0095 114.5473 0014370 308.6574  51.3266 15.76785534 13818
1 39577U 14009F   14147.20524771  .00091229  00000-0  55482-3 0  1330
2 39577  65.0107 113.4294 0015314 311.3995  48.5843 15.76829551 13860
1 39577U 14009F   14147.83946890  .00086119  00000-0  52249-3 0  1340
2 39577  65.0126 111.2054 0014224 309.1402  50.8481 15.76926567 13968
1 39577U 14009F   14148.21998540  .00081883  00000-0  49618-3 0  1352
2 39577  65.0140 109.8700 0013918 305.8927  54.0928 15.76977122 14022
1 39577U 14009F   14149.23462288  .00078394  00000-0  47215-3 0  1365
2 39577  65.0138 106.3063 0013943 305.7328  54.2528 15.77128491 14188
1 39577U 14009F   14149.42486513  .00092366  00000-0  55623-3 0  1382
2 39577  65.0059 105.6304 0014453 308.2758  51.7623 15.77165674 14218
1 39577U 14009F   14150.24915785  .00078026  00000-0  46678-3 0  1390
2 39577  65.0121 102.7408 0013829 306.3243  53.6636 15.77284329 14343
1 39577U 14009F   14151.20018438  .00081123  00000-0  48148-3 0  1404
2 39577  65.0109  99.4021 0014182 305.9281  54.0562 15.77442654 14498
1 39577U 14009F   14151.83414236  .00085937  00000-0  50701-3 0  1415
2 39577  65.0085  97.1744 0014127 304.5593  55.4226 15.77559835 14591
1 39577U 14009F   14152.91178416  .00084454  00000-0  49439-3 0  1422
2 39577  65.0093  93.3871 0014262 304.6176  55.3635 15.77737642 14763
1 39577U 14009F   14153.22871776  .00082175  00000-0  47997-3 0  1432
2 39577  65.0092  92.2699 0014871 304.9515  55.0247 15.77783676 14814
1 39577U 14009F   14153.86255426  .00078331  00000-0  45627-3 0  1448
2 39577  65.0105  90.0418 0014220 303.3988  56.5764 15.77874381 14914
1 39577U 14009F   14154.43297692  .00076534  00000-0  44431-3 0  1459
2 39577  65.0101  88.0349 0014259 303.1065  56.8721 15.77955976 15003
1 39577U 14009F   14155.89057180  .00079033  00000-0  45399-3 0  1468
2 39577  65.0085  82.9121 0014152 305.1904  54.7926 15.78185062 15232
1 39577U 14009F   14156.27078598  .00077867  00000-0  44713-3 0  1470
2 39577  65.0071  81.5714 0013879 303.7199  56.3154 15.78243798 15518
1 39577U 14009F   14156.77769204  .00081820  00000-0  46667-3 0  1481
2 39577  65.0070  79.7932 0014067 303.6511  56.3322 15.78334003 15376
1 39577U 14009F   14157.91814362  .00086691  00000-0  48956-3 0  1499
2 39577  65.0049  75.7819 0014048 300.0848  59.8916 15.78537272 15555
1 39577U 14009F   14158.55166678  .00089436  00000-0  50225-3 0  1504
2 39577  65.0045  73.5540 0013894 298.4120  61.5773 15.78654571 15653
1 39577U 14009F   14159.24848481  .00092504  00000-0  51620-3 0  1511
2 39577  65.0032  71.1000 0013723 299.5702  60.4137 15.78787873 15769
1 39577U 14009F   14159.88189516  .00100451  00000-0  55620-3 0  1524
2 39577  65.0023  68.8731 0013879 300.5404  59.4415 15.78929439 15861
1 39577U 14009F   14160.13524178  .00104199  00000-0  57567-3 0  1537
2 39577  65.0002  67.9785 0012676 296.4206  63.5745 15.78989705 15903
1 39577U 14009F   14160.83188983  .00117980  00000-0  64438-3 0  1542
2 39577  64.9962  65.5280 0013722 303.0777  56.9086 15.79178077 16011
1 39577U 14009F   14161.84507134  .00121001  00000-0  65302-3 0  1558
2 39577  64.9971  61.9548 0014149 300.8058  59.1693 15.79424081 16174
1 39577U 14009F   14162.85810945  .00117168  00000-0  62613-3 0  1569
2 39577  64.9998  58.3847 0014225 297.8643  62.1070 15.79652027 16339
1 39577U 14009F   14163.55449519  .00114507  00000-0  61217-3 0  1576
2 39577  65.0074  55.9230 0014520 298.8830  61.1394 15.79808720 16669
1 39577U 14009F   14163.87099781  .00116870  00000-0  61793-3 0  1588
2 39577  65.0008  54.8147 0014335 297.6414  62.3285 15.79884520 16495
1 39577U 14009F   14164.88373472  .00116831  00000-0  61098-3 0  1598
2 39577  65.0024  51.2417 0014669 296.2551  63.7097 15.80118157 16653
1 39577U 14009F   14166.14944503  .00119046  00000-0  61390-3 0  1606
2 39577  65.0024  46.7762 0014754 296.2416  63.7257 15.80415973 16856
1 39577U 14009F   14167.03530175  .00117892  00000-0  60230-3 0  1611
2 39577  65.0036  43.6480 0014943 294.7814  65.1789 15.80619392 16999
1 39577U 14009F   14167.79452256  .00113388  00000-0  57522-3 0  1624
2 39577  65.0053  40.9678 0015197 294.4953  65.4484 15.80781321 17112
1 39577U 14009F   14168.99647591  .00106197  00000-0  53400-3 0  1637
2 39577  65.0075  36.7220 0014059 290.3530  69.6117 15.81021900 17305
1 39577U 14009F   14169.88200440  .00103952  00000-0  51843-3 0  1640
2 39577  65.0088  33.5928 0014465 291.8262  68.1360 15.81199002 17446
1 39577U 14009F   14170.51446030  .00108501  00000-0  53742-3 0  1655
2 39577  65.0073  31.3596 0014067 291.7751  68.2195 15.81341089 17549
1 39577U 14009F   14171.52626148  .00111275  00000-0  54471-3 0  1660
2 39577  65.0061  27.7838 0014964 293.7228  66.2326 15.81567042 17702
1 39577U 14009F   14171.90566041  .00107724  00000-0  52563-3 0  1672
2 39577  65.0070  26.4412 0015357 295.3768  64.5798 15.81638941 17767
1 39577U 14009F   14172.47472063  .00104220  00000-0  50628-3 0  1684
2 39577  65.0085  24.4303 0015238 294.4728  65.4835 15.81748752 17858
1 39577U 14009F   14172.85407482  .00100012  00000-0  48429-3 0  1691
2 39577  65.0099  23.0890 0015951 294.0343  65.9143 15.81814279 17912
1 39577U 14009F   14173.48629682  .00092744  00000-0  44756-3 0  1702
2 39577  65.0120  20.8535 0015740 292.5913  67.3563 15.81917976 18012
1 39577U 14009F   14173.86561480  .00087772  00000-0  42236-3 0  1712
2 39577  65.0117  19.5101 0016710 294.7880  65.1534 15.81972770 18070
1 39577U 14009F   14174.56097940  .00081225  00000-0  38959-3 0  1720
2 39577  65.0124  17.0502 0016393 297.0094  62.8716 15.82075197 18182
1 39577U 14009F   14174.87705720  .00077533  00000-0  37149-3 0  1734
2 39577  65.0133  15.9336 0016302 294.8340  65.1097 15.82114440 18232
1 39577U 14009F   14175.88840409  .00072114  00000-0  34380-3 0  1745
2 39577  65.0143  12.3570 0016025 291.3908  68.5528 15.82251265 18398
1 39577U 14009F   14176.89965857  .00071758  00000-0  33991-3 0  1753
2 39577  65.0127   8.7772 0015870 290.9978  68.9483 15.82394442 18559
1 39577U 14009F   14177.91081322  .00074154  00000-0  34844-3 0  1765
2 39577  65.0107   5.1978 0016183 291.5711  68.3723 15.82548471 18718
1 39577U 14009F   14178.85868068  .00076680  00000-0  35772-3 0  1777
2 39577  65.0094   1.8433 0015993 291.3224  68.6242 15.82697233 18863
1 39577U 14009F   14179.49053830  .00080702  00000-0  37413-3 0  1786
2 39577  65.0081 359.6061 0016375 291.3686  68.5724 15.82805559 18964
1 39577U 14009F   14180.56459006  .00091676  00000-0  41986-3 0  1794
2 39577  65.0038 355.7958 0016847 292.8287  67.1092 15.83012204 19136
1 39577U 14009F   14180.88045976  .00095944  00000-0  43793-3 0  1808
2 39577  65.0014 354.6757 0016434 292.8258  67.1173 15.83079664 19183
1 39577U 14009F   14181.57532169  .00105135  00000-0  47493-3 0  1816
2 39577  64.9998 352.2172 0017582 294.2855  65.6475 15.83238951 19297
1 39577U 14009F   14181.95431020  .00110782  00000-0  49845-3 0  1820
2 39577  64.9991 350.8753 0016618 291.6827  68.2852 15.83331400 19356
1 39577U 14009F   14182.58589698  .00116665  00000-0  52014-3 0  1834
2 39577  64.9978 348.6347 0017335 291.6112  68.3196 15.83487428 19454
1 39577U 14009F   14183.53316808  .00125165  00000-0  55092-3 0  1846
2 39577  64.9976 345.2737 0017363 292.2064  67.7251 15.83732463 19606
1 39577U 14009F   14184.54343442  .00131096  00000-0  56964-3 0  1852
2 39577  64.9968 341.6904 0016992 290.0390  69.9037 15.83996881 19767
1 39577U 14009F   14185.04849940  .00135152  00000-0  58324-3 0  1862
2 39577  64.9986 339.9020 0016651 291.5587  68.3822 15.84138961 19844
1 39577U 14009F   14185.55350511  .00147230  00000-0  62782-3 0  1873
2 39577  64.9950 338.0993 0018330 294.8214  65.1039 15.84309484 19927
1 39577U 14009F   14185.86911302  .00152662  00000-0  64751-3 0  1882
2 39577  64.9970 336.9819 0018052 297.6148  62.3181 15.84414678 19975
1 39577U 14009F   14186.56337725  .00159543  00000-0  66894-3 0  1897
2 39577  64.9969 334.5192 0017980 294.9534  64.9758 15.84639443 20080
1 39577U 14009F   14187.57304336  .00163448  00000-0  67413-3 0  1900
2 39577  64.9989 330.9358 0018164 293.2457  66.6786 15.84967065 20249
1 39577U 14009F   14188.20397929  .00168831  00000-0  68841-3 0  1919
2 39577  64.9993 328.6943 0018481 292.7892  67.1496 15.85181494 20347
1 39577U 14009F   14189.21329357  .00181944  00000-0  72768-3 0  1925
2 39577  64.9987 325.1061 0018548 295.8180  64.1383 15.85546430 20506
1 39577U 14009F   14189.84398356  .00189197  00000-0  74785-3 0  1939
2 39577  64.9986 322.8653 0017991 294.4934  65.4349 15.85787240 20602
1 39577U 14009F   14190.22235491  .00183536  18327-4  74120-3 0  1943
2 39577  65.0030 321.5158 0018447 292.6515  67.2955 15.85933032 20663
1 39577U 14009F   14190.53762894  .00187070  18801-4  75071-3 0  1950
2 39577  65.0028 320.3935 0018404 292.0560  67.8652 15.86059964 20717
1 39577U 14009F   14190.91593361  .00190203  19235-4  75790-3 0  1966
2 39577  65.0047 319.0499 0018123 290.9488  68.9738 15.86209930 20775
1 39577U 14009F   14191.42027467  .00199659  20560-4  78625-3 0  1970
2 39577  65.0054 317.2530 0018573 289.8379  70.0781 15.86426939 20855
1 39577U 14009F   14192.17667323  .00213760  22672-4  82696-3 0  2008
2 39577  65.0049 314.5571 0018972 293.6849  66.2626 15.86762828 20970
1 39577U 14009F   14192.80688266  .00211664  22409-4  80849-3 0  2015
2 39577  65.0047 312.3127 0018936 292.6133  67.2966 15.87024566 21077
1 39577U 14009F   14193.18496930  .00203078  21174-4  77086-3 0  2020
2 39577  65.0068 310.9696 0018775 292.3519  67.5541 15.87164683 21135
1 39577U 14009F   14193.50002022  .00195826  20169-4  73911-3 0  2039
2 39577  65.0078 309.8487 0019135 293.7306  66.1839 15.87275756 21185
1 39577U 14009F   14194.50800319  .00189887  19420-4  70296-3 0  2047
2 39577  65.0087 306.2536 0019685 295.2881  64.6240 15.87654684 21344
1 39577U 14009F   14195.20085288  .00185030  18813-4  67690-3 0  2051
2 39577  65.0091 303.7828 0019453 294.6194  65.2936 15.87906656 21458
1 39577U 14009F   14195.57872972  .00177539  17867-4  64523-3 0  2061
2 39577  65.0090 302.4325 0020027 294.1286  65.7777 15.88028908 21512
1 39577U 14009F   14196.20845969  .00166478  16541-4  59957-3 0  2072
2 39577  65.0109 300.1860 0019963 295.2002  64.7074 15.88228099 21610
1 39577U 14009F   14196.46033587  .00156628  15418-4  56225-3 0  2089
2 39577  65.0113 299.2849 0020422 297.5886  62.3193 15.88293082 21651
1 39577U 14009F   14197.21587397  .00151502  14883-4  53825-3 0  2091
2 39577  65.0100 296.5858 0020142 296.7811  63.1285 15.88518465 21774
1 39577U 14009F   14197.40474704  .00141744  13870-4  50261-3 0  2104
2 39577  65.0112 295.9092 0020619 297.6246  62.2814 15.88558841 21805
1 39577U 14009F   14197.65656560  .00147000  00000-0  50897-3 0  2128
2 39577  65.0039 295.0050 0021651 299.2064  60.7450 15.88667156 21844
1 39577U 14009F   14198.16016227  .00138311  13549-4  48564-3 0  2135
2 39577  65.0111 293.2131 0020469 297.3864  62.5207 15.88766965 21925
1 39577U 14009F   14198.53783991  .00128566  12632-4  44944-3 0  2147
2 39577  65.0103 291.8605 0021163 297.8131  62.0883 15.88851866 21986
1 39577U 14009F   14199.23019266  .00116970  11632-4  40626-3 0  2151
2 39577  65.0114 289.3877 0021323 299.2654  60.6367 15.89006061 22099
1 39577U 14009F   14199.54487919  .00110979  11150-4  38464-3 0  2165
2 39577  65.0114 288.2618 0021328 299.7422  60.1621 15.89066753 22141
1 39577U 14009F   14200.23713672  .00103515  10590-4  35719-3 0  2178
2 39577  65.0097 285.7831 0020699 299.8469  60.0467 15.89203895 22251
1 39577U 14009F   14200.55178569  .00098274  10217-4  33861-3 0  2181
2 39577  65.0098 284.6580 0020637 298.3692  61.5390 15.89256521 22306
1 39577U 14009F   14201.55856600  .00095551  10040-4  32588-3 0  2196
2 39577  65.0093 281.0588 0021114 299.3302  60.5748 15.89452718 22469
1 39577U 14009F   14202.56522729  .00092072  98177-5  31154-3 0  2203
2 39577  65.0076 277.4564 0020755 299.1540  60.7544 15.89637768 22629
1 39577U 14009F   14203.57176892  .00091982  98223-5  30827-3 0  2219
2 39577  65.0060 273.8548 0020801 299.0350  60.8729 15.89825218 22786
1 39577U 14009F   14204.20078539  .00102180  10541-4  33883-3 0  2224
2 39577  65.0051 271.6045 0021318 300.6482  59.2577 15.89969713 22886
1 39577U 14009F   14205.20711000  .00102397  10569-4  33569-3 0  2234
2 39577  65.0052 268.0034 0021724 300.1971  59.6977 15.90177252 23042
1 39577U 14009F   14205.96177225  .00103654  10672-4  33683-3 0  2242
2 39577  65.0050 265.3017 0021997 300.6021  59.3091 15.90334093 23169
1 39577U 14009F   14206.46483284  .00108139  11022-4  34909-3 0  2259
2 39577  65.0050 263.5012 0021954 300.3342  59.5746 15.90448276 23247
1 39577U 14009F   14206.52771132  .00109858  11159-4  35422-3 0  2260
2 39577  65.0050 263.2761 0021948 300.3005  59.6038 15.90465600 23250
1 39577U 14009F   14206.96785498  .00119333  11953-4  38186-3 0  2270
2 39577  65.0050 261.7005 0021909 300.0644  59.8709 15.90585479 23329
1 39577U 14009F   14207.47083096  .00122692  12258-4  38994-3 0  2281
2 39577  65.0050 259.8996 0021861 299.7919  60.1135 15.90710872 23406
1 39577U 14009F   14207.53369958  .00127564  12702-4  40467-3 0  2298
2 39577  65.0050 259.6744 0021854 299.7576  60.1491 15.90734461 23412
1 39577U 14009F   14207.97376623  .00133890  13316-4  42166-3 0  2304
2 39577  65.0050 258.0984 0021809 299.5167  60.4065 15.90862640 23483
1 39577U 14009F   14208.47665140  .00145198  14485-4  45340-3 0  2315
2 39577  65.0018 256.2903 0021472 297.9499  61.9691 15.91017001 23568
1 39577U 14009F   14208.53950550  .00151803  15206-4  47352-3 0  2322
2 39577  65.0009 256.0642 0020920 296.4045  63.5159 15.91046736 23579
1 39577U 14009F   14209.10518265  .00151804  15226-4  46938-3 0  2332
2 39577  65.0015 254.0363 0020854 296.5983  63.3006 15.91219098 23664
1 39577U 14009F   14209.29372977  .00147860  14798-4  45635-3 0  2344
2 39577  65.0010 253.3592 0020760 296.8334  63.0427 15.91265102 23698
1 39577U 14009F   14209.60796413  .00151475  15207-4  46493-3 0  2351
2 39577  65.0010 252.2328 0020725 296.6583  63.2471 15.91366583 23740
1 39577U 14009F   14209.98501500  .00154545  15567-4  47127-3 0  2369
2 39577  65.0010 250.8810 0020682 296.4476  63.4690 15.91488923 23806
1 39577U 14009F   14210.42487026  .00159955  16213-4  48353-3 0  2378
2 39577  65.0014 249.3010 0021062 298.6195  61.2860 15.91633635 23874
1 39577U 14009F   14210.86467998  .00171893  17703-4  51503-3 0  2384
2 39577  65.0020 247.7252 0020639 297.8718  62.0525 15.91802577 23940
1 39577U 14009F   14211.11597783  .00173255  17891-4  51654-3 0  2399
2 39577  65.0026 246.8223 0020711 299.0486  60.8634 15.91893370 23983
1 39577U 14009F   14211.49290365  .00179369  18716-4  52991-3 0  2402
2 39577  65.0001 245.4648 0021467 299.9785  59.9306 15.92031659 24040
1 39577U 14009F   14212.05822528  .00183570  19321-4  53618-3 0  2417
2 39577  65.0009 243.4364 0021418 299.3710  60.5421 15.92245973 24131
1 39577U 14009F   14212.24664760  .00184363  19442-4  53658-3 0  2420
2 39577  65.0005 242.7593 0021329 299.2504  60.6533 15.92316462 24164
1 39577U 14009F   14212.49787509  .00193666  00000-0  55456-3 0  2446
2 39577  64.9991 241.8557 0020556 298.3988  61.5619 15.92404235 24209
1 39577U 14009F   14212.56066470  .00198063  21435-4  57181-3 0  2454
2 39577  65.0005 241.6319 0021283 299.0652  60.8418 15.92457935 24210
1 39577U 14009F   14213.00024721  .00201117  21931-4  57521-3 0  2462
2 39577  64.9996 240.0519 0021141 299.0756  60.8356 15.92638490 24285
1 39577U 14009F   14213.43977989  .00206287  22765-4  58435-3 0  2477
2 39577  65.0017 238.4713 0020975 298.9421  60.9698 15.92822891 24357
1 39577U 14009F   14213.56535021  .00213145  23871-4  60178-3 0  2486
2 39577  65.0010 238.0182 0020779 298.8830  61.0405 15.92887105 24370
1 39577U 14009F   14214.13036005  .00230344  26850-4  63919-3 0  2495
2 39577  65.0029 235.9863 0021516 299.8134  60.1681 15.93172241 24465
1 39577U 14009F   14214.44419056  .00245184  29610-4  67442-3 0  2502
2 39577  65.0019 234.8580 0021126 298.8908  61.0153 15.93343366 24511
1 39577U 14009F   14214.56972021  .00254956  31522-4  69879-3 0  2510
2 39577  65.0019 234.4070 0020678 298.4751  61.4536 15.93422253 24538
1 39577U 14009F   14215.07178040  .00275990  35972-4  74387-3 0  2521
2 39577  65.0019 232.6015 0020581 298.1535  61.8625 15.93730307 24611
1 39577U 14009F   14215.44823972  .00292359  39717-4  77807-3 0  2533
2 39577  65.0001 231.2452 0020471 296.4003  63.5253 15.93964668 24672
1 39577U 14009F   14215.82466041  .00289372  39122-4  76214-3 0  2548
2 39577  65.0006 229.8899 0020130 296.0873  63.7982 15.94173690 24734
1 39577U 14009F   14216.20104813  .00286559  38570-4  74674-3 0  2556
2 39577  64.9992 228.5332 0020045 296.5169  63.3935 15.94376625 24795
1 39577U 14009F   14216.51465686  .00289641  39350-4  74758-3 0  2564
2 39577  65.0003 227.4031 0019878 295.4059  64.5047 15.94559645 24840
1 39577U 14009F   14216.89094047  .00293763  40403-4  74921-3 0  2578
2 39577  65.0002 226.0477 0019818 295.2586  64.6536 15.94782315 24908
1 39577U 14009F   14217.20447148  .00295001  40776-4  74497-3 0  2587
2 39577  64.9998 224.9172 0019816 295.2059  64.7051 15.94964891 24951
1 39577U 14009F   14217.51796071  .00303151  42820-4  75747-3 0  2591
2 39577  65.0004 223.7858 0019648 294.6474  65.2659 15.95164137 25009
1 39577U 14009F   14217.89409801  .00310414  44731-4  76523-3 0  2602
2 39577  65.0004 222.4289 0019828 294.7113  65.2003 15.95403260 25066
1 39577U 14009F   14218.27018232  .00313237  45563-4  76261-3 0  2619
2 39577  65.0000 221.0726 0019688 293.7026  66.2115 15.95637011 25124
1 39577U 14009F   14218.52087224  .00317186  46659-4  76554-3 0  2624
2 39577  65.0001 220.1677 0019582 293.8814  66.0301 15.95799109 25165
1 39577U 14009F   14218.77153805  .00319763  47414-4  76509-3 0  2634
2 39577  65.0001 219.2631 0019513 293.6620  66.2488 15.95959627 25207
1 39577U 14009F   14218.89686180  .00320719  47708-4  76409-3 0  2643
2 39577  65.0002 218.8108 0019472 293.4929  66.4175 15.96039472 25221
1 39577U 14009F   14219.14749592  .00318318  47164-4  75219-3 0  2656
2 39577  64.9995 217.9054 0019505 293.0882  66.8214 15.96188289 25264
1 39577U 14009F   14219.52339599  .00320440  47850-4  74735-3 0  2664
2 39577  64.9995 216.5477 0019522 292.9916  66.9171 15.96425415 25328
1 39577U 14009F   14219.89924775  .00316867  47037-4  73152-3 0  2678
2 39577  65.0007 215.1920 0018544 291.3577  68.5565 15.96647621 25387
1 39577U 14009F   14220.14979073  .00312270  45924-4  71530-3 0  2685
2 39577  65.0013 214.2861 0018612 291.4942  68.4223 15.96788375 25428
1 39577U 14009F   14220.46293075  .00311198  45749-4  70516-3 0  2698
2 39577  65.0006 213.1533 0018873 291.5336  68.3815 15.96975056 25476
1 39577U 14009F   14220.83864753  .00310607  45717-4  69528-3 0  2708
2 39577  65.0016 211.7956 0018726 291.1166  68.7930 15.97201156 25537
1 39577U 14009F   14221.15171163  .00305627  44541-4  67726-3 0  2719
2 39577  65.0018 210.6619 0018909 290.9601  68.9536 15.97377771 25583
1 39577U 14009F   14221.52733346  .00306395  44854-4  67026-3 0  2721
2 39577  65.0012 209.3018 0019058 291.0885  68.8227 15.97603280 25647
1 39577U 14009F   14221.84031464  .00303648  44251-4  65847-3 0  2737
2 39577  65.0021 208.1704 0018443 290.4115  69.5031 15.97783581 25691
1 39577U 14009F   14222.15326578  .00296826  42633-4  63760-3 0  2749
2 39577  65.0030 207.0374 0018527 290.2481  69.6693 15.97952327 25746
1 39577U 14009F   14222.46617398  .00298220  43071-4  63400-3 0  2755
2 39577  65.0026 205.9038 0018520 289.5993  70.3147 15.98136653 25792
1 39577U 14009F   14222.90419836  .00289394  41020-4  60745-3 0  2765
2 39577  65.0045 204.3181 0018438 289.2636  70.6508 15.98369382 25863
1 39577U 14009F   14223.09190365  .00285278  40079-4  59518-3 0  2776
2 39577  65.0046 203.6370 0018782 289.0520  70.8605 15.98466294 25891
1 39577U 14009F   14223.46726838  .00288854  41041-4  59556-3 0  2783
2 39577  65.0031 202.2745 0018524 288.2272  71.6882 15.98683668 25954
1 39577U 14009F   14223.84258361  .00290552  41558-4  59202-3 0  2796
2 39577  65.0032 200.9144 0018318 287.8323  72.0835 15.98899302 26011
1 39577U 14009F   14224.21785214  .00289228  41337-4  58234-3 0  2809
2 39577  65.0027 199.5516 0018359 287.8184  72.0983 15.99108257 26074
1 39577U 14009F   14224.46800041  .00291514  41970-4  58233-3 0  2816
2 39577  65.0022 198.6441 0018140 287.0528  72.8650 15.99254267 26115
1 39577U 14009F   14224.84318021  .00294914  42927-4  58179-3 0  2820
2 39577  65.0022 197.2835 0018054 286.7536  73.1649 15.99475511 26171
1 39577U 14009F   14225.21831050  .00296480  43434-4  57755-3 0  2838
2 39577  65.0018 195.9212 0018116 286.2953  73.6223 15.99693424 26232
1 39577U 14009F   14225.46836562  .00301149  44709-4  58159-3 0  2843
2 39577  64.9988 195.0122 0017966 285.9227  73.9971 15.99848068 26272
1 39577U 14009F   14225.90590140  .00307960  46642-4  58547-3 0  2858
2 39577  64.9987 193.4228 0017846 285.2283  74.6914 16.00123572 26344
1 39577U 14009F   14226.21838517  .00310477  47424-4  58380-3 0  2868
2 39577  64.9986 192.2870 0017791 284.5646  75.3546 16.00315472 26393
1 39577U 14009F   14226.40585703  .00312067  47921-4  58286-3 0  2870
2 39577  64.9983 191.6054 0017783 284.4470  75.4703 16.00431682 26424
1 39577U 14009F   14226.90572159  .00313726  48553-4  57601-3 0  2882
2 39577  64.9991 189.7893 0017528 284.4363  75.4859 16.00736201 26506
1 39577U 14009F   14227.21809615  .00310077  47666-4  56294-3 0  2895
2 39577  64.9989 188.6560 0018059 284.3276  75.5870 16.00911663 26550
1 39577U 14009F   14227.40550244  .00306205  46683-4  55303-3 0  2905
2 39577  64.9989 187.9697 0017882 284.0731  75.8341 16.01008477 26589
1 39577U 14009F   14227.90519919  .00303903  46232-4  54038-3 0  2911
2 39577  65.0006 186.1505 0017488 283.9034  76.0187 16.01290921 26663
1 39577U 14009F   14228.03012218  .00189256  00000-0  33175-3 0  2928
2 39577  64.9964 185.6982 0017905 287.0192  72.9539 16.01360816 26680
1 39577U 14009F   14228.21746286  .00302594  45986-4  53241-3 0  2932
2 39577  65.0003 185.0135 0017591 283.6628  76.2576 16.01467914 26716
1 39577U 14009F   14228.40480143  .00303352  46252-4  53007-3 0  2941
2 39577  65.0000 184.3315 0017770 283.4855  76.4330 16.01578953 26743
1 39577U 14009F   14228.96674322  .00300471  45672-4  51562-3 0  2955
2 39577  64.9990 182.2855 0017406 280.2094  79.7055 16.01900901 26833
1 39577U 14009F   14229.21645723  .00302350  46258-4  51440-3 0  2962
2 39577  64.9987 181.3763 0017279 280.1406  79.7813 16.02050791 26871
1 39577U 14009F   14229.40372639  .00303658  46674-4  51327-3 0  2975
2 39577  64.9983 180.6939 0017195 279.6323  80.2897 16.02163405 26902
1 39577U 14009F   14229.84063376  .00309095  48317-4  51410-3 0  2989
2 39577  64.9982 179.1016 0017179 279.4210  80.5015 16.02434787 26971
1 39577U 14009F   14230.21506541  .00315102  50143-4  51665-3 0  2997
2 39577  64.9983 177.7360 0017161 279.2620  80.6619 16.02674256 27038
1 39577U 14009F   14230.46465215  .00324237  52883-4  52662-3 0  3009
2 39577  64.9976 176.8251 0016649 277.5528  82.3796 16.02848800 27074
1 39577U 14009F   14230.65184155  .00329368  00000-0  52612-3 0  3028
2 39577  64.9965 176.1413 0016809 280.0569  79.9214 16.02971539 27104
1 39577U 14009F   14230.77661781  .00361949  00000-0  57537-3 0  3040
2 39577  64.9962 175.6862 0016733 280.0952  79.8835 16.03055314 27120
1 39577U 14009F   14230.83897846  .00333144  55716-4  53252-3 0  3055
2 39577  64.9972 175.4602 0016747 277.1751  82.7540 16.03110374 27135
1 39577U 14009F   14230.90138735  .00409909  00000-0  64811-3 0  3067
2 39577  64.9962 175.2308 0016755 280.2890  79.6890 16.03144393 27145
1 39577U 14009F   14231.02612900  .00345983  00000-0  54288-3 0  3082
2 39577  64.9966 174.7763 0017104 279.6197  80.3550 16.03259203 27160
1 39577U 14009F   14231.21323954  .00344538  59443-4  54195-3 0  3093
2 39577  64.9971 174.0959 0016506 276.1370  83.7923 16.03384215 27192
1 39577U 14009F   14231.40034476  .00355238  63005-4  55296-3 0  3105
2 39577  64.9980 173.4115 0017000 276.6132  83.3106 16.03538487 27225
1 39577U 14009F   14231.89921355  .00368764  67875-4  56066-3 0  3113
2 39577  64.9985 171.5911 0017164 275.7223  84.1994 16.03920067 27307
1 39577U 14009F   14232.21092799  .00400225  79531-4  59739-3 0  3123
2 39577  64.9993 170.4495 0017019 275.7535  84.1712 16.04224320 27359
1 39577U 14009F   14232.46026738  .00414136  85173-4  61056-3 0  3131
2 39577  64.9966 169.5381 0016372 275.6791  84.2585 16.04449169 27399
1 39577U 14009F   14232.89650616  .00449554  10049-3  64490-3 0  3143
2 39577  64.9963 167.9450 0016658 271.7482  88.1783 16.04883544 27466
1 39577U 14009F   14233.20802822  .00480391  11510-3  67515-3 0  3157
2 39577  64.9959 166.8042 0016487 268.6346  91.2935 16.05222254 27516
1 39577U 14009F   14233.45722638  .00689754  00000-0  94693-3 0  3161
2 39577  64.9995 165.8769 0015093 268.5486  91.4454 16.05522614 27552
1 39577U 14009F   14233.51950155  .00501883  12623-3  69169-3 0  3168
2 39577  64.9958 165.6610 0016084 265.2400  94.7253 16.05553573 27567
1 39577U 14009F   14233.58179363  .00474728  00000-0  64656-3 0  3176
2 39577  64.9963 165.4312 0016299 271.9409  88.0390 16.05609549 27799
1 39577U 14009F   14233.83090845  .00788762  00000-0  10504-2 0  3203
2 39577  64.9982 164.5201 0016710 266.6057  93.3662 16.05955683 27610
1 39577U 14009F   14233.83091929  .00471543  00000-0  63335-3 0  3192
2 39577  64.9967 164.5173 0016051 268.8614  91.1216 16.05842636 27830
1 39577U 14009F   14233.89316243  .00543932  14953-3  72781-3 0  3201
2 39577  64.9966 164.2890 0016795 272.4683  87.4706 16.06004609 27624
1 39577U 14009F   14234.20447849  .00565972  16311-3  73993-3 0  3219
2 39577  64.9977 163.1463 0016925 273.5639  86.3791 16.06372457 27674
1 39577U 14009F   14234.45347488  .00585309  17565-3  75095-3 0  3228
2 39577  64.9973 162.2298 0016745 275.2320  84.6976 16.06680193 27712
1 39577U 14009F   14234.88911531  .00603866  18897-3  74867-3 0  3236
2 39577  64.9975 160.6318 0017309 272.8815  87.0300 16.07202946 27780
1 39577U 14009F   14235.20020847  .00613844  19673-3  74386-3 0  3241
2 39577  64.9970 159.4913 0017004 271.6121  88.3100 16.07575130 27837
1 39577U 14009F   14235.51122624  .00621698  20328-3  73571-3 0  3252
2 39577  64.9963 158.3512 0017004 272.7354  87.1548 16.07947397 27888
1 39577U 14009F   14235.88437873  .00629424  21013-3  72541-3 0  3261
2 39577  64.9977 156.9773 0016442 273.2058  86.7222 16.08381691 27949
1 39577U 14009F   14236.19525228  .00638271  21777-3  71802-3 0  3275
2 39577  64.9946 155.8338 0016442 274.5803  85.3485 16.08757260 27992
1 39577U 14009F   14236.56819018  .00652781  23020-3  71235-3 0  3285
2 39577  64.9940 154.4620 0016418 273.4427  86.4627 16.09228111 28055
1 39577U 14009F   14236.87890127  .00658798  23629-3  69986-3 0  3299
2 39577  64.9961 153.3180 0017134 272.2339  87.6770 16.09611586 28102
1 39577U 14009F   14237.18952857  .00671024  24738-3  69589-3 0  3303
2 39577  64.9967 152.1766 0016634 264.6824  95.2451 16.09998975 28159
1 39577U 14009F   14237.56216417  .00699959  27333-3  70088-3 0  3318
2 39577  64.9961 150.8016 0016630 264.0250  95.9282 16.10533110 28213
1 39577U 14009F   14237.87259239  .00724053  29645-3  70323-3 0  3326
2 39577  64.9958 149.6580 0016766 263.1304  96.7985 16.10988711 28266
1 39577U 14009F   14238.24499127  .00763266  33609-3  71297-3 0  3336
2 39577  64.9963 148.2816 0016819 262.8085  97.1178 16.11574033 28325
1 39577U 14009F   14238.36909641  .00772919  34673-3  71286-3 0  3342
2 39577  64.9957 147.8223 0016764 262.8444  97.0818 16.11766194 28346
1 39577U 14009F   14238.55522681  .00863531  00000-0  76450-3 0  3352
2 39577  64.9928 147.1344 0016316 265.9139  94.0651 16.12227581 28377
1 39577U 14009F   14238.80339015  .00694160  00000-0  61103-3 0  3389
2 39577  64.9961 146.2118 0016734 261.5988  98.3766 16.12294717 28639
1 39577U 14009F   14238.86535336  .00893355  00000-0  76200-3 0  3403
2 39577  64.9931 145.9844 0016593 267.1181  92.8548 16.12758238 28425
1 39577U 14009F   14238.86536256  .00882383  00000-0  75423-3 0  3398
2 39577  64.9932 145.9876 0016439 265.8743  94.1023 16.12734014 28428
1 39577U 14009F   14239.11340132  .00909228  00000-0  75545-3 0  3442
2 39577  64.9933 145.0688 0015953 264.9624  95.0204 16.13163051 28462
1 39577U 14009F   14239.23740119  .00929159  00000-0  75844-3 0  3463
2 39577  64.9923 144.6103 0016864 268.0514  91.9157 16.13380973 28481
1 39577U 14009F   14239.23744207  .00730564  00000-0  61044-3 0  3451
2 39577  64.9942 144.6056 0017272 258.0617 101.9104 16.13027492 28709
1 39577U 14009F   14239.29939593  .00927472  00000-0  75234-3 0  3475
2 39577  64.9928 144.3849 0016662 267.7178  92.2564 16.13479012 28498
1 39577U 14009F   14239.54730943  .00966266  00000-0  75740-3 0  3501
2 39577  64.9916 143.4639 0016944 266.5983  93.3726 16.13955848 28539
1 39577U 14009F   14239.60928131  .00973177  00000-0  75630-3 0  3514
2 39577  64.9911 143.2303 0017229 265.8597  94.1079 16.14065504 28543
1 39577U 14009F   14239.79516316  .01540862  00000-0  11547-2 0  3521
2 39577  64.9905 142.5443 0017139 264.5630  95.3966 16.14582565 28579
1 39577U 14009F   14240.04291773  .01591899  00000-0  11497-2 0  3551
2 39577  64.9889 141.6230 0016780 265.1240  94.8441 16.15114965 28612
1 39577U 14009F   14240.10484387  .01602870  00000-0  11487-2 0  3565
2 39577  64.9902 141.3914 0016122 262.4785  97.4983 16.15250975 28621
1 39577U 14009F   14240.16680398  .01125446  00000-0  81287-3 0  3577
2 39577  64.9912 141.1636 0016236 263.7104  96.2678 16.15137198 28636
1 39577U 14009F   14240.72350787  .01438776  00000-0  89188-3 0  3598
2 39577  64.9890 139.0971 0017064 256.3597 103.6054 16.17194585 28943
1 39577U 14009F   14241.03262002  .01459346  00000-0  84609-3 0  3606
2 39577  64.9911 137.9418 0016340 256.3879 103.5898 16.18119905 28993
1 39577U 14009F   14241.21799434  .01506283  00000-0  83264-3 0  3621
2 39577  64.9904 137.2520 0016884 258.3662 101.6029 16.18723368 29021
1 39577U 14009F   14241.34154212  .01550778  00000-0  83164-3 0  3632
2 39577  64.9900 136.7909 0016667 258.0860 101.8853 16.19128962 29047
1 39577U 14009F   14241.40331321  .01478551  72236-5  78899-3 0  3640
2 39577  64.9924 136.5561 0016158 261.6193  98.3490 16.19255871 28832
1 39577U 14009F   14241.52681739  .01481524  72281-5  76701-3 0  3659
2 39577  64.9915 136.0943 0016560 253.4262 106.5427 16.19629234 28856
1 39577U 14009F   14241.58855597  .01492145  72314-5  76041-3 0  3666
2 39577  64.9915 135.8636 0016488 253.3966 106.5767 16.19835448 28865
1 39577U 14009F   14241.83544065  .01532706  72462-5  73166-3 0  3677
2 39577  64.9921 134.9343 0016706 260.5060  99.4763 16.20657923 28908
1 39577U 14009F   14242.08220683  .01565661  72594-5  69996-3 0  3681
2 39577  64.9929 134.0105 0016464 260.5487  99.5021 16.21491719 28949
1 39577U 14009F   14242.20551244  .01628049  72683-5  69997-3 0  3696
2 39577  64.9905 133.5476 0016377 259.1869 100.7868 16.21979460 28969
1 39577U 14009F   14242.39044540  .01639892  72800-5  67033-3 0  3702
2 39577  64.9878 132.8512 0016186 258.3362 101.6382 16.22608076 28995
1 39577U 14009F   14242.69851466  .01732633  73001-5  64020-3 0  3713
2 39577  64.9878 131.6942 0015783 258.1885 102.1715 16.23844206 29040
1 39577U 14009F   14242.82160175  .01785644  73090-5  63043-3 0  3721
2 39577  64.9878 131.2313 0015617 258.1293 102.0138 16.24391249 29062
1 39577U 14009F   14243.19071573  .01993036  73343-5  60824-3 0  3737
2 39577  64.9949 129.8311 0013186 255.9140 104.2258 16.26189642 29125
1 39577U 14009F   14243.55951187  .02780615  73756-5  67067-3 0  3748
2 39577  64.9888 128.4444 0016282 257.3203 103.7303 16.28646834 29189
1 39577U 14009F   14243.80484905  .02590148  73973-5  55614-3 0  3752
2 39577  64.9888 127.5149 0015694 257.2015 102.8666 16.29914474 29223
1 39577U 14009F   14244.11146923  .03951854  74440-5  63324-3 0  3766
2 39577  64.9888 126.3508 0014994 257.0528 104.0632 16.32912195 29272
1 39577U 14009F   14244.17250775  .04094632  74486-5  61751-3 0  3779
2 39577  64.9856 126.1031 0015143 248.8633 111.1661 16.33492101 29281
1 39577U 14009F   14244.53950118  .05632904  75490-5  51627-3 0  3786
2 39577  64.9892 124.7189 0015710 277.9257  83.1797 16.37975762 29342
1 39577U 14009F   14244.78324653  .10543803  76292-5  32273-3 0  3795
2 39577  64.9920 123.7668 0014904 269.7208  91.1897 16.43552757 29380
<End of file>
